two
0 1 3 20 28 155 160 167 222 291 292 301 347 364 456 471 485 496 524 573 609 729 874 876 905 928 1018 1029 1032 1057 1068 1090 1137 1151 1152 1156 1159 1166 1225 1244 1260 1275 1281 1291 1307 1311 1387 1484 1485 1513 1549 1583 1605 1608 1612 1622 1628 1633 1641 1683 1701 1725 1748 1764 1861 1931 1936 1969
sum
0 38 39 63 111 112 123 128 160 200 207 258 259 261 274 297 301 307 333 338 343 358 406 418 431 458 485 509 524 544 554 562 573 658 674 679 707 736 752 763 775 776 783 830 850 858 867 876 883 888 906 953 958 964 973 977 1016 1017 1026 1027 1029 1079 1116 1117 1127 1135 1166 1168 1183 1190 1203 1221 1239 1253 1254 1255 1330 1381 1382 1388 1404 1407 1408 1411 1424 1438 1451 1452 1471 1472 1474 1482 1484 1511 1521 1523 1538 1540 1561 1590 1608 1644 1657 1662 1682 1705 1715 1717 1720 1733 1742 1753 1755 1765 1770 1801 1823 1840 1847 1847 1878 1883 1887 1906 1916 1922 1929 1944 1972
add
1 66 202 232 235 246 342 364 501 766 834 1143 1411 1531 1764
numbers
1 128 158 172 184 192 266 296 315 347 364 367 505 509 586 674 747 812 817 830 857 867 905 1060 1061 1072 1086 1117 1202 1229 1244 1326 1334 1519 1563 1613 1644 1653 1685 1699 1729 1735 1823 1939
longest
2 4 13 31 127 256 276 317 324 337 349 424 429 430 432 481 540 541 552 580 690 718 823 872 889 893 935 946 950 954 993 1077 1078 1097 1109 1134 1179 1218 1394 1454 1520 1553 1592 1683 1747 1773 1824 1862 1870 1883 1893 1898 1904 1908 1912 1919
substring
2 4 29 75 324 378 889 954 960 968 1004 1077 1149 1218 1251 1281 1316 1394 1454 1510 1539 1703 1747 1793 1816 1904
without
2 486 829 1795
repeating
2 324 349 1243 1305 1316 1747
characters
2 324 370 577 673 847 877 911 957 1008 1066 1080 1140 1243 1281 1373 1456 1481 1499 1500 1534 1546 1578 1773 1806 1964
median
3 253 396 1966
of
3 16 18 27 29 33 57 103 110 155 182 191 192 222 224 226 227 229 250 266 268 273 274 278 286 289 291 292 297 301 333 347 355 366 371 446 448 456 457 466 468 474 485 487 505 509 510 511 518 531 540 554 559 561 578 585 602 611 638 639 641 651 658 665 670 673 673 675 679 691 701 714 716 718 721 728 736 737 738 743 752 759 759 765 778 783 793 799 803 822 830 832 834 835 840 841 850 854 855 865 867 876 877 884 903 904 906 911 928 934 937 940 952 953 958 963 969 972 975 976 987 993 1008 1012 1015 1022 1027 1029 1031 1037 1042 1045 1046 1049 1052 1053 1053 1054 1057 1061 1062 1064 1066 1068 1071 1081 1085 1085 1089 1100 1108 1115 1117 1118 1118 1121 1122 1128 1131 1135 1137 1139 1139 1144 1146 1146 1147 1147 1148 1149 1149 1151 1153 1156 1157 1157 1159 1159 1168 1169 1170 1171 1178 1179 1183 1184 1186 1190 1193 1194 1199 1200 1201 1203 1204 1205 1209 1212 1221 1226 1228 1229 1232 1233 1235 1236 1237 1238 1240 1244 1244 1244 1246 1253 1254 1258 1260 1262 1264 1268 1271 1273 1277 1279 1279 1288 1289 1293 1310 1319 1325 1326 1329 1330 1333 1334 1341 1342 1347 1357 1362 1367 1369 1373 1377 1381 1382 1383 1384 1387 1391 1392 1393 1395 1396 1397 1399 1404 1407 1407 1408 1408 1409 1410 1412 1413 1416 1418 1422 1425 1428 1429 1430 1431 1432 1435 1439 1440 1440 1441 1445 1447 1451 1452 1453 1454 1465 1471 1472 1473 1475 1476 1481 1484 1485 1492 1498 1500 1505 1510 1515 1518 1525 1530 1531 1532 1534 1535 1537 1538 1538 1543 1545 1549 1549 1550 1552 1555 1556 1557 1562 1563 1565 1569 1571 1572 1574 1576 1578 1580 1581 1582 1582 1583 1583 1585 1588 1589 1590 1596 1598 1598 1599 1600 1604 1605 1609 1612 1615 1617 1624 1626 1629 1630 1631 1632 1636 1644 1646 1647 1654 1656 1657 1662 1667 1667 1669 1672 1674 1678 1682 1688 1689 1692 1693 1696 1702 1704 1705 1707 1709 1714 1715 1718 1725 1730 1731 1741 1747 1748 1751 1753 1754 1755 1755 1756 1763 1765 1767 1769 1770 1774 1776 1777 1778 1785 1787 1788 1790 1791 1798 1799 1801 1801 1804 1815 1820 1823 1825 1827 1829 1831 1832 1836 1836 1837 1840 1842 1845 1846 1847 1847 1851 1853 1857 1858 1860 1864 1867 1879 1881 1882 1885 1890 1892 1896 1897 1900 1904 1905 1906 1906 1910 1913 1914 1915 1916 1920 1923 1924 1925 1928 1929 1932 1934 1936 1939 1942 1944 1947 1952 1953 1954 1955 1958 1968 1969 1970 1971 1972
sorted
3 20 22 25 32 33 79 80 81 82 87 107 108 152 153 160 308 443 617 618 789 800 805 822 1060 1135 1190 1241 1295 1301 1330 1385 1447 1612
arrays
3 291 292 502 841 1090 1137 1152 1311 1404 1484 1608 1612 1748 1774 1845 1934 1974
palindromic
4 424 519 588 1043 1526 1549 1583 1665 1880 1888 1962
zigzag
5 102 922 947 1078
conversion
5
reverse
6 24 91 149 150 181 197 288 289 405 444 455 762 976 1041 1581 1638 1905 1928 1929
integer
6 7 11 12 241 287 326 834 854 860 1006 1021 1029 1099 1129 1143 1188 1570 1927 1941 1963
string
7 27 86 96 150 288 289 316 323 355 359 363 385 397 444 455 464 490 545 551 610 616 623 637 642 651 673 678 684 689 725 771 787 829 833 861 892 893 900 983 989 996 1004 1008 1021 1024 1076 1080 1081 1109 1112 1118 1120 1124 1130 1130 1153 1204 1207 1210 1216 1217 1219 1220 1240 1251 1258 1282 1293 1303 1311 1312 1344 1346 1383 1390 1410 1415 1420 1428 1430 1447 1461 1473 1492 1504 1538 1546 1550 1552 1566 1601 1621 1628 1629 1665 1666 1671 1689 1722 1741 1770 1778 1785 1786 1789 1798 1806 1844 1873 1876 1884 1896 1918 1921 1935 1964 1971
to
7 11 12 107 108 113 120 121 122 128 159 179 232 241 262 334 371 372 381 389 441 501 527 556 562 571 575 617 618 628 643 646 651 652 666 694 702 709 726 766 771 789 790 800 805 809 816 818 827 834 845 856 861 862 867 883 906 910 921 947 985 990 992 992 1011 1013 1017 1021 1024 1029 1030 1030 1031 1032 1037 1037 1041 1048 1052 1052 1053 1057 1075 1082 1108 1108 1115 1116 1131 1131 1134 1138 1143 1158 1158 1170 1201 1204 1205 1213 1217 1222 1224 1226 1228 1229 1237 1238 1238 1240 1241 1241 1243 1244 1245 1246 1250 1260 1272 1275 1293 1299 1303 1304 1308 1308 1313 1314 1319 1322 1332 1342 1352 1353 1357 1361 1367 1369 1371 1373 1390 1399 1399 1411 1411 1412 1413 1429 1444 1447 1460 1462 1463 1473 1475 1477 1488 1491 1492 1498 1499 1501 1509 1516 1524 1528 1544 1546 1551 1552 1556 1560 1562 1563 1571 1588 1598 1600 1601 1606 1608 1609 1616 1627 1631 1637 1646 1655 1658 1666 1668 1680 1680 1686 1690 1696 1706 1711 1712 1713 1717 1725 1726 1727 1731 1742 1749 1752 1754 1756 1758 1761 1766 1767 1771 1782 1783 1787 1791 1800 1806 1807 1808 1809 1824 1831 1839 1842 1844 1849 1854 1861 1866 1875 1876 1879 1881 1885 1892 1911 1921 1932 1933 1934 1941 1943 1945 1948 1952 1953 1957 1957 1959 1964 1964 1974
(atoi)
7
palindrome
8 124 130 131 205 225 282 337 395 461 547 711 950 968 1024 1039 1104 1275 1380 1401 1683 1731 1750 1954
number
8 16 64 135 136 163 171 182 191 193 224 236 238 239 240 249 260 265 270 304 305 334 341 355 366 371 392 417 419 440 448 474 495 497 535 540 558 585 602 607 611 638 641 651 716 723 765 778 809 840 841 865 904 906 937 941 953 969 975 982 987 1012 1015 1031 1034 1037 1045 1052 1052 1053 1057 1062 1064 1066 1068 1072 1081 1100 1108 1108 1115 1117 1122 1128 1131 1139 1144 1147 1149 1159 1169 1170 1183 1193 1194 1199 1200 1203 1204 1205 1209 1215 1221 1226 1228 1232 1237 1238 1240 1244 1244 1246 1258 1264 1268 1271 1279 1293 1319 1325 1329 1334 1338 1342 1347 1357 1362 1367 1369 1377 1384 1391 1399 1404 1407 1412 1422 1425 1428 1429 1431 1435 1439 1445 1447 1462 1473 1475 1492 1500 1504 1505 1515 1518 1530 1531 1532 1534 1535 1537 1539 1543 1545 1552 1555 1562 1563 1571 1572 1576 1578 1582 1585 1588 1598 1600 1609 1615 1617 1618 1624 1626 1627 1636 1646 1667 1669 1673 1678 1696 1705 1709 1714 1717 1725 1728 1731 1741 1752 1754 1756 1760 1766 1767 1776 1777 1782 1786 1788 1790 1791 1802 1829 1831 1836 1837 1843 1845 1846 1848 1851 1852 1857 1858 1860 1864 1867 1873 1880 1888 1890 1892 1897 1910 1914 1915 1923 1928 1929 1932 1934 1947 1952 1953 1954 1955 1958 1970
regular
9
expression
9 246 593 924 940 1498 1596 1761
matching
9 43 638 868 1112 1402 1900
container
10 1852
with
10 29 137 262 296 303 324 435 465 558 572 575 641 644 650 668 707 710 768 775 792 812 827 837 855 857 858 861 887 898 938 953 973 983 990 994 1008 1009 1015 1027 1036 1045 1063 1080 1084 1087 1093 1113 1128 1134 1135 1136 1143 1164 1166 1187 1194 1195 1197 1199 1203 1206 1221 1236 1251 1269 1276 1278 1283 1284 1287 1312 1349 1363 1364 1371 1404 1427 1456 1474 1475 1481 1489 1527 1532 1548 1554 1556 1585 1598 1604 1619 1625 1641 1645 1652 1657 1691 1693 1697 1702 1703 1720 1722 1724 1733 1739 1743 1750 1757 1773 1793 1796 1799 1803 1817 1823 1841 1847 1868 1872 1883 1886 1887 1900 1901 1908 1926 1927 1930 1932 1944 1952 1966
most
10 418 488 664 671 747 792 1188 1231 1268 1321 1410 1453 1635 1664 1728 1895 1940 1949
water
10 41 298 336 344 624 1037 1198
roman
11 12
common
13 226 227 664 797 847 903 916 934 946 1520 1565 1645 1915
prefix
13 600 863 1097 1148 1550 1581 1724 1906 1912 1920
3sum
14 15 768
closest
15 461 528 694 818 1070 1201 1388 1403 1459 1766 1861 1956
letter
16 599 630 909 1604 1683 1687 1798 1822 1854 1911
combinations
16 76 1624
a
16 27 73 148 150 221 226 227 228 231 276 278 289 308 316 334 345 352 355 359 369 394 443 455 524 536 538 564 565 566 607 666 672 673 697 759 759 803 822 832 873 879 881 917 924 958 961 978 996 1002 1006 1008 1009 1014 1022 1024 1030 1032 1036 1037 1038 1039 1045 1046 1047 1052 1054 1060 1075 1078 1080 1085 1085 1085 1086 1087 1088 1089 1096 1096 1108 1113 1121 1124 1130 1135 1138 1139 1144 1145 1146 1147 1148 1148 1148 1149 1150 1153 1157 1159 1164 1164 1171 1186 1196 1201 1201 1204 1205 1206 1213 1217 1222 1231 1240 1248 1258 1259 1262 1266 1288 1289 1293 1293 1312 1313 1315 1330 1350 1353 1357 1359 1377 1392 1393 1393 1402 1407 1411 1418 1420 1426 1426 1427 1428 1429 1430 1432 1445 1461 1465 1467 1474 1483 1495 1503 1510 1514 1527 1537 1550 1604 1606 1613 1617 1629 1632 1647 1647 1648 1654 1655 1666 1667 1671 1672 1673 1673 1674 1678 1680 1682 1687 1689 1695 1696 1702 1717 1724 1730 1730 1732 1741 1745 1769 1770 1772 1775 1778 1785 1789 1790 1792 1800 1813 1819 1821 1833 1836 1837 1839 1844 1847 1852 1856 1860 1862 1869 1871 1876 1879 1884 1886 1892 1918 1921 1949 1953 1956 1959 1961 1969 1971 1972
phone
16 184 1338
4sum
17 373
remove
18 25 26 79 81 82 194 257 267 331 447 582 866 892 964 989 1003 1013 1043 1246 1509 1510 1551 1610 1711 1782 1911 1965
nth
18 169 329 723 1220
node
18 115 116 228 311 369 492 538 864 871 1085 1171 1412 1654 1655 1730 1769 1861 1872
from
18 25 79 81 82 104 105 253 348 490 508 643 729 734 833 853 873 914 917 939 959 964 968 1003 1021 1125 1129 1185 1332 1349 1355 1378 1386 1400 1401 1412 1493 1517 1522 1586 1587 1651 1655 1670 1734 1751 1782 1873 1884 1965
end
18
list
18 60 81 82 85 91 108 113 137 140 141 142 146 147 194 197 225 228 275 285 311 352 570 584 662 721 831 864 964 1025 1038 1074 1146 1146 1359 1654 1682 1965
valid
19 31 35 64 124 184 233 299 480 495 545 547 640 748 766 786 848 882 928 969 1013 1067 1075 1096 1197 1267 1356 1553 1617 1624 1656 1671 1789 1869 1923
parentheses
19 21 31 232 257 701 766 866 928 976 1013 1217 1273 1671 1761 1789
merge
20 22 55 87 496 581 845 1317 1387 1398 1501 1528 1721 1863
lists
20 22 155 485 508 1317
generate
21 394 1080
k
22 290 297 303 324 331 458 506 508 528 557 562 574 633 702 707 708 818 819 837 840 850 860 1047 1053 1061 1104 1117 1123 1133 1153 1161 1169 1182 1188 1216 1235 1279 1345 1452 1475 1548 1569 1585 1592 1650 1657 1664 1689 1695 1723 1733 1738 1751 1758 1762 1784 1811 1817 1823 1824 1875 1892 1922 1932 1944 1945 1952 1966
swap
23 504 537 623 733 898 954 1360 1415
nodes
23 24 213 629 692 708 710 727 910 927 964 1027 1069 1142 1199 1209 1228 1359 1409 1619 1626 1638 1721 1787 1827 1861 1868 1956 1965 1970
in
23 24 27 32 33 80 83 115 116 150 152 153 206 221 228 276 308 316 345 347 355 359 360 362 367 369 385 394 409 412 423 432 437 438 443 455 464 473 493 502 511 535 538 553 564 566 580 584 611 623 624 625 627 678 679 685 690 697 708 727 759 782 795 806 824 838 864 875 886 892 910 915 919 922 929 955 960 978 985 989 996 1005 1007 1018 1038 1047 1060 1074 1075 1077 1078 1079 1085 1086 1094 1096 1099 1107 1108 1112 1121 1138 1142 1145 1148 1149 1150 1156 1161 1164 1173 1175 1176 1191 1199 1202 1216 1220 1230 1231 1248 1259 1266 1298 1315 1317 1323 1330 1333 1354 1359 1377 1392 1393 1420 1425 1426 1427 1428 1434 1452 1454 1467 1482 1483 1494 1495 1504 1516 1522 1524 1537 1541 1555 1559 1570 1573 1578 1579 1584 1590 1595 1613 1617 1621 1638 1647 1648 1665 1669 1674 1678 1699 1707 1716 1719 1721 1728 1730 1732 1735 1736 1741 1744 1746 1772 1777 1780 1786 1797 1798 1805 1812 1818 1819 1822 1827 1837 1843 1846 1862 1871 1922 1949 1955 1956 1960 1971 1975
pairs
23 282 303 405 438 506 544 799 855 937 1182 1193 1209 1325 1378 1409 1427 1430 1434 1451 1471 1474 1513 1582 1585 1598 1656 1716 1723 1740 1815 1827 1846 1855 1857 1864 1914
k-group
24
duplicates
25 79 81 82 310 362 892 989
array
25 32 33 79 80 87 107 152 153 160 180 206 229 277 313 338 347 362 367 372 376 381 433 438 443 459 462 506 529 533 561 650 687 690 697 741 750 757 760 767 777 786 790 799 806 822 850 858 888 919 933 947 949 974 1014 1041 1042 1048 1063 1094 1099 1112 1119 1123 1136 1156 1160 1161 1168 1173 1182 1205 1212 1224 1229 1238 1241 1269 1277 1290 1294 1298 1301 1313 1319 1322 1323 1330 1349 1352 1358 1371 1378 1385 1395 1395 1426 1434 1440 1444 1482 1491 1509 1517 1525 1550 1556 1557 1565 1568 1570 1573 1580 1586 1586 1588 1590 1597 1597 1600 1608 1621 1649 1651 1665 1668 1676 1698 1699 1702 1706 1713 1715 1716 1719 1723 1728 1735 1736 1740 1742 1744 1749 1753 1791 1794 1808 1811 1812 1832 1846 1849 1859 1866 1869 1882 1920 1925 1933 1943 1955 1971
element
26 33 156 162 206 220 221 308 408 414 443 454 566 806 955 1179 1349 1453 1458 1460 1503 1509 1738 1895 1938
find
27 33 152 153 156 249 253 303 318 357 359 362 367 412 421 423 461 472 493 523 528 579 583 599 647 678 735 788 842 847 919 957 1006 1017 1045 1077 1085 1090 1099 1102 1117 1123 1135 1166 1176 1197 1201 1212 1218 1220 1233 1267 1268 1321 1361 1366 1368 1374 1376 1406 1416 1441 1451 1496 1503 1553 1559 1565 1566 1568 1570 1573 1574 1586 1602 1626 1649 1652 1657 1658 1665 1670 1699 1703 1717 1736 1748 1750 1753 1757 1766 1790 1794 1861 1882 1887 1909 1920 1963
the
27 27 209 249 318 384 401 404 461 463 474 475 488 514 605 606 635 688 710 721 781 788 842 945 952 963 972 985 992 997 1000 1003 1004 1009 1029 1038 1040 1045 1045 1047 1048 1061 1064 1072 1077 1084 1090 1092 1094 1117 1118 1119 1120 1123 1128 1135 1158 1159 1160 1161 1172 1175 1177 1178 1183 1199 1199 1212 1214 1219 1258 1273 1302 1321 1329 1348 1356 1362 1367 1368 1378 1406 1413 1425 1430 1437 1440 1441 1441 1444 1448 1453 1460 1462 1468 1470 1473 1491 1492 1494 1495 1496 1496 1498 1502 1505 1509 1535 1535 1536 1549 1551 1552 1553 1557 1564 1567 1570 1570 1571 1573 1576 1578 1578 1579 1583 1590 1596 1599 1610 1611 1611 1619 1626 1639 1646 1654 1657 1658 1659 1665 1668 1672 1676 1681 1684 1694 1699 1702 1709 1713 1727 1729 1738 1739 1748 1763 1780 1781 1790 1834 1839 1845 1866 1869 1882 1904 1907 1919 1919 1920 1921 1951 1957 1963 1970
index
27 327 485 583 697 725 1426 1573 1625
first
27 33 40 244 316 1412 1579 1665 1854
occurrence
27 1645
divide
28 1689 1696 1740 1897 1959 1968 1970
integers
28 301 486 815 837 1017 1029 1064 1092 1169 1272 1305 1428 1495 1717 1718 1720 1733 1764 1797 1874 1928
concatenation
29 1294 1326 1525 1598
all
29 353 359 362 367 643 673 692 708 709 710 739 890 892 989 1018 1066 1067 1082 1102 1118 1133 1138 1153 1158 1186 1187 1228 1242 1243 1250 1253 1361 1399 1408 1413 1451 1454 1456 1472 1495 1499 1510 1534 1574 1579 1630 1652 1670 1674 1677 1677 1685 1686 1699 1702 1711 1730 1736 1771 1909 1913
words
29 150 202 241 388 455 520 557 649 654 665 729 957 969 1035 1145 1257 1485 1530 1617 1645 1669 1683 1687 1724 1936
next
30 115 116 408 414 454 864 1618 1938
permutation
30 59 464 630 898 995 1007 1113 1254 1370 1429 1517
search
32 34 73 78 80 94 95 97 98 107 108 165 202 203 226 231 412 536 564 564 565 567 600 742 853 883 1018 1088 1956
rotated
32 80 152 153 634 1385
and
33 37 104 105 120 121 122 179 192 202 237 254 255 262 298 368 390 439 479 575 577 596 600 620 622 636 678 686 696 734 735 754 758 827 871 895 927 991 1044 1053 1056 1067 1105 1157 1176 1177 1191 1267 1337 1365 1385 1389 1451 1458 1489 1502 1567 1569 1626 1651 1661 1685 1697 1708 1715 1716 1744 1759 1767 1796 1802 1815 1822 1855 1908 1929 1960 1960
last
33 57 891 894 960 985 1061 1186 1412 1558
position
33 34 992 1083 1196 1553 1892
insert
34 56 309 310 565
sudoku
35 36
solver
36
count
37 195 213 266 274 296 384 560 588 656 673 995 1012 1060 1067 1100 1103 1137 1142 1187 1202 1211 1242 1249 1276 1292 1295 1329 1333 1351 1366 1371 1391 1402 1409 1427 1434 1506 1508 1516 1519 1521 1545 1577 1585 1615 1619 1629 1645 1648 1687 1694 1697 1712 1716 1719 1720 1723 1737 1744 1745 1775 1776 1778 1780 1787 1788 1797 1802 1803 1817 1826 1827 1831 1845 1864 1874 1899 1928 1930 1948 1962 1966
say
37
combination
38 39 207 307 1796
ii
39 44 46 51 58 62 79 80 81 89 91 94 106 112 116 118 121 125 131 136 139 141 153 160 201 203 204 210 218 220 231 239 243 272 292 305 336 364 365 373 381 414 426 430 444 451 484 513 534 539 547 550 589 617 695 755 767 773 785 800 808 843 885 894 920 944 966 989 1126 1155 1180 1210 1252 1256 1365 1384 1405 1503 1634 1663 1686 1725 1814 1865 1877 1898 1973
missing
40 240 1215 1554 1584 1602
positive
40 1006 1116 1215 1236 1718 1927
trapping
41 336
rain
41 336
multiply
42
strings
42 196 342 471 573 699 704 738 903 928 963 996 1011 1057 1102 1104 1118 1275 1295 1307 1329 1387 1398 1415 1499 1555 1598 1628 1633 1704 1725 1755 1759 1906 1948
wildcard
43
jump
44 54 332 820 1019 1050 1055 1340 1478 1973
game
44 54 166 250 252 319 402 420 449 546 548 655 667 682 722 870 944 948 1019 1050 1055 1110 1192 1212 1234 1331 1335 1340 1441 1478 1479 1523 1578 1594 1603 1810
permutations
45 46 748
rotate
47 60 180 325 642
image
47 530 677 680
group
48 1103 1172 1233 1686
anagrams
48 359 1794
pow(x,
49
n)
49
n-queens
50 51
maximum
52 103 123 151 157 230 268 270 341 347 457 502 505 516 518 525 531 537 554 578 641 740 763 807 843 871 876 888 904 928 940 958 973 975 977 994 999 1005 1008 1034 1049 1059 1062 1079 1089 1123 1124 1125 1147 1149 1156 1157 1177 1195 1200 1214 1221 1232 1236 1254 1259 1262 1264 1271 1273 1278 1298 1316 1336 1339 1344 1347 1349 1350 1355 1377 1382 1384 1386 1400 1417 1418 1422 1424 1426 1435 1446 1449 1455 1458 1464 1465 1466 1482 1486 1500 1511 1513 1518 1530 1532 1533 1540 1543 1549 1561 1583 1587 1593 1600 1615 1626 1631 1632 1636 1651 1659 1664 1669 1680 1682 1692 1700 1715 1718 1746 1751 1758 1762 1763 1769 1772 1792 1795 1799 1804 1811 1828 1832 1846 1860 1878 1889 1890 1900 1901 1908 1916 1918 1925 1944 1954 1970 1971 1972
subarray
52 151 200 431 458 470 516 574 578 707 752 763 819 823 955 973 1022 1041 1134 1179 1190 1236 1241 1382 1418 1424 1466 1650 1662 1841 1893 1908
spiral
53 58 730 1835
matrix
53 58 72 73 231 276 308 427 445 463 608 615 706 712 730 875 915 1026 1040 1047 1060 1086 1135 1239 1248 1259 1267 1288 1490 1561 1830 1835 1871 1886 1922
intervals
55 293 356 760 1675 1797 1897
interval
56 357 831 935 1202 1463
length
57 518 578 718 1008 1118 1133 1149 1235 1236 1253 1341 1383 1401 1549 1583 1638 1657 1750 1904 1944
word
57 78 125 126 138 139 183 203 251 268 432 556 580 603 664 688 761 848 1032 1148 1148 1485 1555 1560 1581 1595 1803
sequence
59 127 687 748 781 1185 1280 1356 1769 1853
unique
61 62 94 95 296 316 385 649 673 774 790 825 987 1008 1017 1084 1169 1174 1258 1299 1381 1526 1566 1572 1858
paths
61 62 234 468 643 825 910 1015 1150 1158 1341 1412 1739 1837 1910 1922
minimum
63 75 110 152 153 200 263 354 371 372 381 437 442 485 538 573 629 646 702 716 766 776 784 790 808 828 840 845 852 884 939 981 990 992 1011 1013 1024 1030 1032 1037 1046 1057 1075 1107 1116 1117 1122 1138 1170 1176 1177 1188 1191 1205 1208 1213 1217 1222 1224 1226 1228 1229 1237 1245 1260 1272 1287 1299 1303 1304 1308 1314 1319 1322 1327 1334 1345 1353 1361 1369 1373 1383 1390 1392 1393 1399 1404 1411 1429 1438 1442 1444 1447 1460 1462 1463 1473 1477 1484 1488 1492 1493 1498 1507 1524 1531 1544 1548 1552 1557 1560 1569 1571 1588 1601 1606 1609 1616 1626 1627 1646 1647 1651 1668 1686 1690 1693 1705 1707 1711 1713 1714 1725 1726 1727 1731 1739 1742 1743 1749 1752 1756 1771 1779 1783 1800 1809 1819 1833 1840 1842 1849 1866 1875 1879 1885 1897 1902 1933 1934 1941 1946 1953 1957 1959 1961 1969 1974
path
63 70 111 112 123 276 317 358 552 692 709 776 915 922 938 942 994 1075 1078 1096 1181 1195 1287 1559 1632 1772 1773 1789 1819 1949 1969
plus
65 613
one
65 224 501 898 973 1075 1108 1179 1266 1272 1292 1373 1410 1415 1509 1645 1747 1757
binary
66 93 94 95 97 98 101 102 103 104 105 106 107 108 109 110 113 123 143 144 165 190 217 226 227 234 254 278 330 412 446 456 460 490 496 511 525 526 531 536 538 558 560 564 565 567 610 611 659 668 708 713 734 739 764 775 796 803 810 813 816 824 832 838 843 853 861 863 867 883 915 922 948 958 1007 1018 1049 1069 1074 1078 1079 1081 1085 1088 1108 1142 1150 1153 1213 1220 1248 1326 1344 1390 1410 1473 1492 1566 1655 1702 1734 1824 1838 1876 1881 1905 1942 1953 1956
text
67 1813
justification
67
sqrt(x)
68
climbing
69 601
stairs
69 601
simplify
70
edit
71
distance
71 380 393 502 579 629 666 694 708 875 971 1032 1044 1045 1090 1276 1360 1460 1465 1946
set
72 517 609 611 747 1843
zeroes
72 164 247 390 639
2d
73 231 259 1230 1597
sort
74 146 147 272 370 637 750 757 767 933 984 1040 1064 1092 1251 1290 1580 1708 1729 1866 1907 1953
colors
74 938 1527 1641
window
75 230 396
subsets
77 89 562 761 1576 1615
largest
83 171 206 300 338 395 423 474 566 602 613 657 658 794 797 821 914 943 1071 1103 1143 1191 1281 1356 1362 1364 1374 1387 1420 1467 1497 1504 1539 1570 1657 1760 1786 1793 1796 1803 1871 1880 1927
rectangle
83 84 214 297 320 404 681 695 784 808 1009 1105
histogram
83
maximal
84 212 1274
partition
85 343 459 562 612 760 858 888 1600 1608 1706 1811 1869 1896
scramble
86
gray
88
code
88 649
decode
90 323 439 513 1358 1370 1639 1834
ways
90 232 513 1115 1131 1139 1204 1238 1240 1244 1293 1313 1352 1357 1371 1475 1516 1562 1563 1600 1696 1754 1767 1791 1831 1892 1948
linked
91 113 140 141 155 194 197 225 228 275 311 352 570 584 662 721 864 964 1074 1317 1359 1654 1682 1965
restore
92 1119 1378
ip
92 386 925
addresses
92 774
tree
93 97 98 99 100 101 102 103 104 105 106 107 108 109 110 113 123 143 144 165 190 213 217 226 227 234 254 278 350 351 412 421 423 441 446 457 460 466 476 477 490 492 501 511 525 526 531 536 538 564 565 659 679 708 734 742 764 803 810 813 816 824 832 838 843 853 873 883 883 922 939 948 958 1049 1069 1074 1078 1079 1085 1085 1088 1138 1142 1150 1171 1176 1270 1357 1397 1575 1655 1734 1833 1838 1881 1905 1942 1949 1953 1956
inorder
93 104 105
traversal
93 101 102 104 105 106 143 144 351 476 477 734 816 832 853 873
trees
94 95 263 496 542 668 717 739 796 1018
interleaving
96
validate
97 386 791 1069
recover
98 873 1676
same
99 650 792 812 992 1159 1199 1238 1266 1363 1406 1610 1891 1926
symmetric
100
level
101 102 106 351 958 1953
order
101 102 106 175 351 360 742 795 832 875 929 960 1094 1107 1454
depth
103 110 457 928 1273
construct
104 105 350 404 490 734 853 1063 1104 1356 1722 1873
preorder
104 143 278 476 734 816 853 873
postorder
105 144 477 734
convert
107 108 334 441 862 1029 1216 1538 1597 1601 1627 1752 1756 1951
balanced
109 996 1004 1303 1552 1618
flatten
113 285 352
distinct
114 785 911 1028 1159 1481 1621 1829 1928 1944 1947
subsequences
114 403 529 588 638 785 1043 1151 1183 1401 1439 1526 1545 1572 1583 1741 1962
populating
115 116
right
115 116 190 357
pointers
115 116
each
115 116 423 969 976 1131 1166 1367 1376 1399 1414 1446 1463 1553 1584 1635 1776 1858 1975
pascal's
117 118
triangle
117 118 119 494 495 657 821
best
120 121 122 179 262 575 859 1196 1283 1622 1850
time
120 121 122 179 262 442 510 575 598 794 826 1082 1138 1144 1245 1310 1343 1361 1372 1376 1477 1488 1524 1560 1611 1616 1637 1692 1711 1726 1727 1756 1839 1842 1876 1881 1885
buy
120 121 122 179 262 575 1637 1767
sell
120 121 122 179 262 575 1300
stock
120 121 122 179 262 575 746 1607 1667
iii
122 207 211 236 283 358 454 455 507 590 730 805 825 849 902 912 982 1019 1110 1163 1433 1620 1894
ladder
125 126
consecutive
127 172 400 486 529 674 812 840 849 878 885 964 1140 1223 1243 1326 1345 1422 1461 1717 1783 1795 1875
root
128 867 910 1765
leaf
128 833 867 910 939 1209
surrounded
129
regions
129 804
partitioning
130 131 1334 1380
clone
132 1085
graph
132 631 727 1246 1284 1393 1416 1467 1559 1632 1730 1827 1862 1972
gas
133
station
133
candy
134 733 1379
single
135 136 236 443 497 1528
copy
137
random
137 311 327 394 409 427 435 572
pointer
137
break
138 139 287 1039 1130
cycle
140 141 1862
reorder
142 782 1158 1238
lru
145
cache
145 379
insertion
146 1024 1486
max
148 297 400 559 617 618 652 849 1015 1129 1151 1184 1246 1258 1276 1325 1810 1847
points
148 626 818 1125 1250 1260 1271 1291 1291 1445 1532 1626 1746 1775
on
148 1113 1188 1205 1350 1379 1445 1477 1488 1575 1624 1700 1732 1745 1833 1918 1919 1950
line
148 186 1002 1279 1800
evaluate
149 328 1430 1838
polish
149
notation
149
product
151 229 268 395 505 574 901 902 961 1049 1061 1151 1156 1236 1244 1259 1363 1371 1440 1513 1549 1557 1583 1612 1672 1762 1924
min
154 601 1250 1810
stack
154 216 740 791 1087 1136
intersection
155 291 292 609 1774
peak
156 697 1396 1503
gap
157 713
compare
158 689 963
version
158 244
fraction
159 479 632
recurring
159
decimal
159
-
160 258 259 261 310 365 524
input
160 524
is
160 321 524 631 848 1002 1014 1081 1096 1117 1146 1244 1251 1385 1407 1448 1547 1550 1789 1811 1830 1869 1922
excel
161 163 1732
sheet
161 163 1732
column
161 163 792 1267 1685 1855 1960
title
161 1681
majority
162 220 955
factorial
164 639 851
trailing
164 1772
iterator
165 248 285 745
dungeon
166
combine
167
tables
167
second
168 538 1420 1616
highest
168 169 176 644 1368 1396 1569 1619 1695 1702 1872
salary
168 169 176 504 1177 1177 1508
rank
170 1042 1073 1274 1288 1660
scores
170 1569 1755 1906
employees
173 907 1082 1367 1554 1564 1680
earning
173
more
173 483 1235 1266
than
173 297 483 574 599 1053 1072 1134 1269 1476 1796 1817 1824 1841
their
173
managers
173 465
duplicate
174 187 208 210 211 249 267 493 523 889 913 1541
emails
174 187
customers
175 890
who
175 488 890 895 1247
never
175
department
176 177 970 1414
top
177 290 557 1111
three
177 273 505 772 858 895 1066 1071 1191 1223 1266 1352 1373 1407 1481 1483 1527 1542 1605 1717 1939
salaries
177
repeated
178 378 551 578 857 954 1235 1592
dna
178
sequences
178 646 791 1694 1829
iv
179 307 449 524 619 1055 1154 1192 1380 1835 1938
bits
181 182 284 558 611 1064
1
182 861 1064
frequency
183 370 740 963 999 1058 1290 1453 1643 1911
transpose
185 712
file
185 317 493 1174
tenth
186
delete
187 228 309 310 369 471 573 596 789 800 805 927 1036 1541 1546 1654 1975
rising
188 624
temperature
188 1951
house
189 204 283 1163
robber
189 204 283
side
190
view
190
islands
191 1506
bitwise
192 743 827 1451 1796 1901 1908 1913
range
192 258 259 261 274 484 508 576 753 755 783 1190 1202 1427 1495 1643 1672 1695 1732 1924
happy
193 1097 1109 1118
elements
194 290 372 381 508 528 947 1018 1156 1269 1277 1381 1411 1491 1556 1557 1567 1593 1675 1697 1697 1698 1707 1784 1812 1841
primes
195
isomorphic
196
course
198 201 507 1154 1553
schedule
198 201 507 1046 1154
implement
199 216 223 387 543
trie
199
(prefix
199
tree)
199
size
200 609 639 797 806 1048 1053 1153 1233 1481 1689
design
202 295 500 515 568 569 570 986 1087 1101 1162 1265 1306 1318 1421 1512 1710 1768 1813 1852 1856
data
202 253 293 353 782
structure
202 353
shortest
205 470 603 666 692 707 709 779 788 915 916 938 1241 1853
kth
206 221 308 535 566 1135 1171 1178 1215 1220 1297 1374 1462 1570 1612 1621 1848
an
206 313 347 362 367 438 561 677 757 798 925 1042 1099 1112 1129 1136 1156 1161 1173 1202 1212 1306 1349 1434 1440 1516 1580 1599 1600 1621 1628 1716 1719 1728 1732 1736 1744 1746 1753 1768 1812 1827 1882 1916 1943 1971
contains
208 210 211 1153 1685
skyline
209 652
problem
209 298
square
212 299 389 480 509 943 1244 1362 1432 1497 1521
complete
213 764 1726 1771
area
214 559 657 695 728 737 784 808 1157 1291
basic
215 218 619
calculator
215 218 619 836
using
216 223 387 1032 1266 1487 1560 1921
queues
216
invert
217
summary
219 1252
ranges
219 1662
smallest
221 303 308 360 399 508 535 579 599 632 644 710 753 755 833 860 900 911 936 963 983 1045 1135 1191 1282 1297 1312 1462 1535 1584 1604 1612 1625 1709 1843 1848 1873 1901 1903 1921
bst
221 368 369 437 441 524 629 783 1079 1238 1528
power
222 273 286 714 1092
queue
223 335 500 744 1318 1537
stacks
223 965
digit
224 329 747 1420 1705 1720 1760 1770 1782 1802 1802 1823
lowest
226 227 934 1569
ancestor
226 227 871 934 1171
except
229
self
229 266 281 586
sliding
230 396 621
different
232 588 837 1131 1428 1439 1527 1641 1773
anagram
233 1057 1725
digits
235 296 331 348 594 634 794 857 1143 1188 1372 1452 1456 1538 1705 1847
trips
237 1726
users
237 1197 1289 1437
ugly
238 239 265 982
english
241 348 1822
h-index
242 243
bad
244 1864
perfect
245 299 320 417
squares
245 563 685 822 1009 1591
operators
246 809
move
247 992 1399 1547 1624 1844
peeking
248
life
250
pattern
251 375 378 735 1235
nim
252
stream
253 293 566 877 1306
serialize
254 368
deserialize
254 368
bulls
255
cows
255
increasing
256 276 280 540 541 594 646 742 771 795 974 1076 1290 1444 1509 1593 1837 1898
subsequence
256 280 306 321 365 424 429 430 481 540 541 718 736 872 911 946 993 1107 1127 1321 1353 1388 1511 1592 1604 1657 1824 1870 1883 1898 1964
invalid
257 962 1328
query
258 259 261 1446 1463 1533 1635 1848
immutable
258 259
additive
260
mutable
261
cooldown
262
height
263 335 896 1336 1455 1942
burst
264 371
balloons
264 371 975
super
265 302 425 732 751
smaller
266 1072 1697
after
266 706 802 830 848 850 908 1083 1124 1157 1169 1179 1188 1277 1282 1344 1360 1383 1423 1458 1486 1538 1539 1589 1649 1664 1673 1687 1705 1707 1738 1743 1760 1762 1794 1816 1828 1833 1878 1892 1928 1942
letters
267 693 762 1877 1891
lengths
268
bulb
269 539
switcher
269 539
create
270 1094 1301 1528 1734 1926
coin
271 426
change
271 426 705 1344 1373 1498
wiggle
272 306
odd
275 820 931 1080 1202 1203 1253 1270 1504 1708 1905 1935
even
275 820 830 931 1077 1270 1638 1653 1708 1718 1720 1895 1903 1939
patching
277
verify
278
serialization
278
reconstruct
279 348 1357
itinerary
279
triplet
280 1501
crossing
281 1181
counting
284 1724
nested
285
four
286 1095 1705
vowels
289 995 1077 1149 1454 1630
frequent
290 418 557 1453 1728 1895
as
293 456 959 959 1148 1555
disjoint
293 760
russian
294
doll
294
envelopes
294
twitter
295
no
297 887 1283 1291
larger
297
jug
298
divisible
300 819 855 860 863 1182 1255 1716 1723 1784 1849 1922 1939
subset
300 343 1146 1472 1568
pow
302
sums
303 819 1063 1190 1267 1483 1568 1707
guess
304 305 688
higher
304 305
or
304 305 456 792 829 1030 1053 1134 1235 1266 1269 1406 1757 1824 1901
lower
304 305 571 1822
getrandom
309 310
o(1)
309 310
allowed
310
ransom
312
note
312
shuffle
313 715 1160 1207
mini
314
parser
314 1114 1324
lexicographical
315 360 960 1118
character
316 349 666 954 963 1292 1299 1747
absolute
317 437 940 981 1134 1330 1382 1438 1507 1585
difference
318 437 442 871 981 993 1129 1191 1438 1507 1513 1533 1567 1569 1585 1593 1608 1707 1748 1779 1811 1840 1935 1960
elimination
319
utf-8
322
validation
322
at
324 465 602 609 707 725 747 895 961 1045 1075 1133 1144 1188 1410 1426 1488 1553 1562 1664
least
324 465 602 609 707 809 895 1075 1133 1169
function
325 639 1201 1229
replacement
326 349 1816
pick
327 435 572 1783
division
328 452
watch
330
frog
332 1083 1973
left
333 421 1564
leaves
333 934 1016 1036
hexadecimal
334
reconstruction
335
by
335 370 750 767 797 804 819 855 860 863 957 963 984 1023 1044 1064 1073 1092 1116 1152 1172 1182 1255 1290 1292 1336 1372 1376 1395 1490 1683 1698 1701 1723 1760 1761 1792 1858 1859 1889 1922 1939 1953
split
338 529 584 650 687 996 1204 1240 1258 1275 1352 1718 1791 1950
fizz
339 980
buzz
339 980
arithmetic
340 365 872 993 1020 1185 1286 1867
slices
340 365 1093
third
341
equal
343 372 381 562 772 817 827 852 858 904 988 999 1011 1030 1053 1134 1137 1152 1224 1244 1269 1281 1404 1413 1415 1491 1499 1534 1556 1598 1625 1716 1740 1787 1802 1824 1847 1855 1859 1887 1932 1933 1952 1968
pacific
344
atlantic
344
flow
344
battleships
345
board
345 942
strong
346 1814
password
346 1814
checker
346 896 1814
xor
347 655 1022 1137 1173 1349 1374 1413 1427 1446 1451 1472 1484 1828 1913 1917 1920
original
348 1586 1628 1676 1920
quad
350
n-ary
351 457 476 477
multilevel
352
doubly
352
o`one
353
genetic
354 1533 1584
mutation
354
segments
355 1279 1413 1476
non-overlapping
356 409 554 876 1166 1200 1221 1279 1622 1954
k-th
360 579 625 632 1118
arranging
361
coins
361 824 1232 1751
compression
363 1210
boomerangs
366
disappeared
367
arrows
371
moves
372 381 990 1191 1216 1322 1601 1609 1690 1731 1738
assign
374 1636
cookies
374 1820
132
375
circular
376 500 515 763 1007 1147 1231 1441 1967
loop
376
poor
377
pigs
377
lfu
379
hamming
380 393 1360
island
382 559 672 1237
perimeter
382 821 1544
can
383 489 957 968 997 1062 1123 1125 1129 1130 1137 1185 1216 1232 1296 1362 1379 1384 1415 1422 1490 1530 1543 1558 1595 1636 1671 1737
i
383 408 420 429 450 516 587 753 901 907 945 951 956 979
win
383 1879
repetitions
384
substrings
385 519 560 673 861 976 988 1028 1066 1194 1200 1258 1292 1355 1391 1408 1481 1515 1549 1555 1629 1630 1954
wraparound
385
address
386 925
rand10()
387
rand7()
387
concatenated
388 1008
matchsticks
389
ones
390 400 486 849 1187 1345 1410 1476 1960
heaters
391
complement
392 854
total
393 855 1376 1548 1551 1763 1785 1801 1804 1945 1946 1974
point
394 409 1406 1776
circle
394 886 1105 1445 1775 1959
magical
397 723
license
398
key
398 1113 1285 1728
formatting
398
good
399 1014 1102 1142 1193 1204 1209 1211 1351 1418 1519 1572 1576 1658 1700 1719 1909 1910 1948
base
399 415 854 862 1452
predict
401
winner
401 1212 1441
zuma
402
non-decreasing
403 533 1808
target
406 599 643 906 953 990 1063 1094 1143 1166 1201 1205 1221 1229 1293 1460 1501 1567 1598 1649 1690 1806
teemo
407
attacking
407
greater
408 414 441 454 599 864 883 1053 1269 1618 1697 1796 1841 1938
rectangles
409 1362 1582 1776
diagonal
410 1126 1239
traverse
410 1126
keyboard
411 522
row
411 423 501 792 852 1267 1685 1855 1960 1975
mode
412
ipo
413
7
415
relative
416 933
ranks
416
subtree
418 466 710 1584 1787 1942
fibonacci
419 687 718 1117
play
420 449
analysis
420 449 901 902 912 956
bottom
421
value
421 423 940 1036 1041 1090 1092 1116 1184 1191 1201 1312 1339 1374 1426 1467 1486 1498 1584 1589 1625 1703 1709 1751 1802 1926 1939 1971 1975
freedom
422
trail
422
washing
425
machines
425
flip
427 771 796 816 904
detect
428 1230 1235 1591
capital
428 1098 1957
uncommon
429 430 729
continuous
431 470 541 1134 1588 1904
dictionary
432 543 580 798 1293 1936
through
432 1294 1301
deleting
432 1179 1383
contiguous
433 1476
beautiful
434 534 777 1635 1749 1941 1958
arrangement
434 534 1656
weight
435 891 894
minesweeper
436
k-diff
438
encode
439
tinyurl
439
complex
440
multiplication
440 535 1400
01
445
diameter
446
boxes
447 1159 1332 1375
provinces
448
student
450 451 1496
attendance
450 451
record
450 451
optimal
452 1896
brick
453
wall
453
logical
456
grids
456
represented
456
quad-trees
456
equals
458 1221 1485 1765
tilt
460
nesting
462 928 1273
reshape
463
5
465 483 863
direct
465
reports
465
another
466 1130 1146 1395 1655
distribute
467 824 921 1305
candies
467 921 1128 1693 1758
out
468 1186 1605
boundary
468
employee
469 555 1084 1367 1376 1414 1919
bonus
469 1480
unsorted
470
operation
471 1087 1173
for
471 542 573 748 794 828 844 852 888 904 945 954 969 1004 1006 1196 1345 1414 1446 1543 1635 1869 1881 1961
customer
472 474 1247 1320
referee
472
investments
473
2016
473
placing
474
orders
474 1065 1121 1425
erect
475
fence
475
tag
478
validator
478
addition
479 484 1941
subtraction
479
harmonious
481
big
482
countries
482
classes
483
students
483 1059 1144 1342 1596
non-negative
486
human
487
traffic
487
stadium
487
friend
488 1640
requests
488 1264 1268 1640
ii:
488
has
488 1406 1410 1802
friends
488 670 1023 1249
place
489 1831
flowers
489 1777
sales
491 901 902 912
person
491 694 985
system
493 1101 1265 1512 1541 1614 1852 1856
judgement
494
biggest
497 1483
not
498 1146 1247 1556
boring
498
movies
498
task
499 1865 1919
scheduler
499 1865
exchange
503
seats
503
inverse
506
covering
508 1743
exclusive
510
functions
510
average
511 516 650 1053 1177 1310 1343 1417 1443 1556 1779 1787 1939
levels
511 1905
shopping
512
offers
512
solve
514
equation
514 1006 1184
deque
515
mismatch
517
pair
518 579 859 976 1465 1482 1847
chain
518 893
replace
520 678 735 1004 1084 1243 1456 1496 1735 1812
dota2
521
senate
521
2
522 714 1489
keys
522 686 709
subtrees
523 1276
print
526 929 930 931 1035 1921
robot
527 719 886 1634 1647 1921
return
527 927
origin
527 818
into
529 565 687 749 760 858 1258 1334 1352 1461 1597 1608 1689 1740 1897 1968 1970
smoother
530
width
531 807
strange
532 1256
printer
532 1256
table
535 970 1121 1315 1419
trim
536
cut
542 804 1222
off
542
golf
542
event
542
magic
543 685 1497 1714
map
544 1396
parenthesis
545
24
546
baseball
548
redundant
549 550
connection
549 550
match
551 787 816 1816
univalue
552
knight
553 780
probability
553 1001 1159 1195
chessboard
553 628 1432 1624
3
554 1115
subarrays
554 641 743 775 837 876 1012 1152 1205 1221 1253 1286 1352 1395 1784 1817 1851 1887 1901 1930 1932 1944 1952 1966
importance
555 1804
stickers
556
spell
556
alternating
558 938 1390 1473 1492 1511 1713
degree
561 1393
falling
563 648 776
hashset
568
hashmap
569
case
571 630 1822
blacklist
572
ascii
573
less
574 1134 1817 1824
transaction
575
fee
575
module
576
1-bit
577
2-bit
577
accounts
581
comments
582
pivot
583 1706 1963
parts
584 772 858
atoms
585
dividing
586
my
587 589 590
calendar
587 589 590
flood
591 1175
fill
591 1842
asteroid
592
collision
592
parse
593
lisp
593
monotone
594 771
daily
595 1337
temperatures
595
earn
596
cherry
597 1155
pickup
597 1067 1155
network
598 978 1031 1274 1278 1611
delay
598
suffix
600 1208 1674
cost
601 702 828 845 939 992 1075 1222 1250 1260 1403 1498 1524 1532 1647 1693 1819 1933 1945 1957 1974
twice
602 1854
others
602
completing
603
contain
604
virus
604
open
605 1037
lock
605
cracking
606
safe
606 647
reach
607 990 1228 1296 1304 1462 1524 1616 1690 1809 1892
pyramid
608
transition
608
special
610 1164 1248 1269 1480 1545 1560 1577 1795 1874
prime
611 632 711 967
representation
611 1007 1108
labels
612 914
sign
613 1440 1698
couples
614
holding
614
hands
614 1054
toeplitz
615
reorganize
616
chunks
617 618
make
617 618 646 766 789 790 800 805 947 968 974 1011 1013 1024 1030 1031 1057 1075 1152 1158 1170 1185 1219 1224 1229 1241 1245 1247 1255 1272 1275 1299 1303 1313 1319 1322 1353 1371 1390 1413 1415 1422 1444 1447 1473 1491 1492 1499 1509 1546 1552 1588 1606 1668 1713 1725 1731 1749 1806 1808 1849 1859 1933 1934 1941 1964 1974
jewels
620
stones
620 792 845 878 885 1386 1551
puzzle
621 969 1020
global
622
local
622 1871
inversions
622
adjacent
623 887 892 989 1188 1345 1378 1462 1773
lr
623
swim
624
symbol
625
grammar
625
reaching
626
rabbits
627
forest
627 927
transform
628 1042 1288
between
629 871 971 976 1054 1068 1090 1191 1225 1257 1276 1281 1291 1317 1465 1513 1567 1569 1593 1623 1626 1675 1721 1891 1960 1969
bipartite?
631
cheapest
633
flights
633
within
633 856 988 1695 1890 1936
stops
633 716 971
escape
635 881 1781
ghosts
635
domino
636 852 937
tromino
636
tiling
636 1009
custom
637
preimage
639
tic-tac-toe
640
state
640
bounded
641 886 1426
source
643
rotation
644 1490
score
644 701 706 884 1015 1124 1214 1355 1386 1400 1418 1423 1540 1596 1619 1690 1702 1769 1817 1832 1833 1872 1969
champagne
645
tower
645
swaps
646 983 1011 1188 1213 1345 1462 1473 1552 1686 1760
eventual
647
states
647
bricks
648
when
648 1611
hit
648
morse
649
lines
651 880 1800
write
651
increase
652
keep
652 1246 1701
city
652 874 1045 1132 1158 1175
soup
653
servings
653
expressive
654
chalkboard
655
subdomain
656
visit
656
averages
658 1650 1947
pruning
659
bus
660 971 985 1839
routes
660 1158 1242
ambiguous
661
coordinates
661
components
662 1926
race
663 1727
car
663 698 918 1405
short
665
encoding
665
card
667
flipping
667 677 706
factors
668 1915
goat
669
latin
669
appropriate
670
ages
670
profit
671 1005 1262
assigning
671
work
671 1543 1571
making
672 1174
large
672 675 881 917
given
673 747 794 961 993 1006 1036 1094 1144 1149 1183 1267 1293 1312 1411 1426 1568 1628 1670 1703 1706 1717 1724 1778 1861
positions
675 1248
groups
675 684 738 984 1260 1435 1574 1638 1689 1704 1805 1860 1897 1970
masking
676
personal
676
information
676 1554
distances
679 1891
overlap
680 681
new
682
21
682
push
683
dominoes
683
similar
684 1383 1863 1934
grid
685 846 1075 1096 1115 1213 1230 1309 1483 1514 1527 1594 1606 1647 1674 1684 1780 1819 1837
rooms
686 1516 1579 1894
backspace
689
mountain
690 697 786 919 1319
hand
691 1850
straights
691
visiting
692
shifting
693 1877
maximize
694 850 1041 1309 1401 1423 1431 1599 1738 1741 1782
loud
696
rich
696
fleet
698 1405
k-similar
699
exam
700 1059 1599
room
700 1459
hire
702 1945
workers
702 1945
mirror
703
reflection
703
buddy
704
lemonade
705
get
709 988 1023 1116 1129 1214 1232 1238 1298 1483 1875
deepest
710 934 1016
reordered
714
advantage
715
refueling
716
leaf-similar
717
walking
719 1634
simulation
719 998 1634
koko
720
eating
720
bananas
720
middle
721 1318 1573 1654
stone
722 891 894 944 1110 1192 1234 1331 1335 1479 1603
profitable
724 1949
schemes
724
decoded
725
boats
726
save
726
people
726 921 1146 1369 1537 1652 1700 1836 1907
reachable
727 1868
subdivided
727
projection
728
3d
728 737
shapes
728 737
sentences
729 1669
possible
731 739 959 1188 1242 1670 1688
bipartition
731
egg
732 1489
drop
732 1489
fair
733 1313 1820
widths
736
surface
737
special-equivalent
738
full
739 1505 1688 1777 1799
monotonic
741
ors
743
orderly
744
rle
745
online
746 756 955
span
746
n
747 802 861 1017 1056 1065 1115 1118 1178 1226 1423 1489 1692
di
748 787 1873
fruit
749
baskets
749
parity
750 767 1760
palindromes
751
minimums
752
snakes
754
ladders
754
election
756
cat
758 1365
mouse
758 1365
x
759 1269 1269 1308 1406
kind
759
deck
759
cards
759 795 1125 1783
only
762 1194
inserter
764
music
765
playlists
765
multiplicity
768
minimize
769 773 1323 1360 1482 1551 1567 1608 1761 1917 1925
malware
769 773
spread
769 773
long
770 1696
pressed
770
name
770
email
774
recent
778
calls
778 1229
bridge
779
dialer
780
stamping
781 1684
log
782 1261
files
782
superstring
788
columns
789 800 805 904 1889
increment
790 1087
removed
792 1241
bag
793 1392
tokens
793
reveal
795
equivalent
796 900 937 1311 1633
component
797
factor
797 1178
verifying
798
alien
798
doubled
799 1586
tallest
801
billboard
801
prison
802
cells
802 875 1732 1780
days
802 856 945 1068 1170 1226 1237 1658 1899
check
803 848 1002 1014 1056 1096 1130 1133 1148 1153 1182 1251 1294 1311 1385 1407 1410 1415 1448 1485 1495 1534 1547 1550 1595 1613 1628 1633 1671 1677 1685 1789 1802 1830 1869 1891
completeness
803
slashes
804
n-repeated
806
2n
806
ramp
807
express
809
univalued
810
vowel
811 1295 1629
spellchecker
811
differences
812 1330
cameras
813
pancake
814
sorting
814 1468 1649
powerful
815
rational
817
turbulent
823
based
826 1700 1950
key-value
826
store
826 1631
triples
827 1521
zero
827 931 964 1017 1052 1158 1272 1308 1413 1712 1757 1766 1796 1859
tickets
828 1637 1805
aaa
829
bbb
829
queries
830 991 1022 1113 1165 1445 1507 1643 1924 1942 1956
intersections
831
vertical
832 1157 1291
starting
833
array-form
834
satisfiability
835
equality
835
equations
835
broken
836
cousins
838
rotting
839
oranges
839 1226
bit
840 1220 1272 1752
flips
840 1030 1208 1492 1752
squareful
841
town
842
judge
842
available
844
captures
844
rook
844
illumination
846
if
848 1002 1014 1056 1096 1130 1133 1148 1153 1182 1251 1307 1311 1346 1385 1407 1410 1415 1448 1485 1495 1534 1547 1550 1559 1595 1610 1613 1628 1671 1677 1685 1789 1802 1830 1869 1931
substitutions
848
negations
850
clumsy
851
rotations
852 990
10
854
songs
855
durations
855
60
855
capacity
856 1799
ship
856
packages
856
d
856
sightseeing
859
representing
861
-2
862
enclaves
865
outermost
866
camelcase
868
video
869 1940
stitching
869
divisor
870 903 1565
scheduling
874 1005
moving
878 885
until
878 885
coloring
879 948
border
879
uncrossed
880
maze
881 1522
boomerang
882
triangulation
884
polygon
884
flower
887
planting
887
bought
890
products
890 1038 1172 1389 1419 1631
actors
895
directors
895
cooperated
895
times
895 1081 1235 1266 1592 1923
grumpy
897
bookstore
897
owner
897
previous
898
distant
899
barcodes
899
lexicographically
900 1282 1356 1921
greatest
903 1128 1565 1822 1975
rows
904 1047 1135 1889
adding
905 1666 1687 1761
negabinary
905
submatrices
906 1187
that
906 957 997 1062 1080 1085 1137 1143 1183 1268 1292 1362 1384 1406 1496 1555 1717 1737 1811 1919 1927 1939
project
907
occurrences
908 987 1510 1534 1604
bigram
908
tile
909
possibilities
909
insufficient
910
zeros
913 1476 1721 1772 1960
values
914 939 1161 1422 1461 1465 1701 1871
supersequence
916
statistics
917
sample
917
pooling
918
brace
920
expansion
920
labelled
922
filling
923
bookcase
923
shelves
923
parsing
924
boolean
924 1838
defanging
925
corporate
926
flight
926
bookings
926
foobar
930
alternately
930 1398
building
932 1296 1375 1455
h2o
932
well-performing
935
sufficient
936
team
936 1089 1283
n-th
941
tribonacci
941
alphabet
942 1021
1-bordered
943
user
945
activity
945
past
945
30
945
decrease
947
snapshot
949
chunked
950
decomposition
950
article
951
views
951
day
952 972 1558 1579 1688
year
952 1464
dice
953 998
rolls
953 1853
market
956
be
957 1062 1241 1384 1490 1595 1671 1680 1737 1881
formed
957
far
959
land
959 1648
price
961 1044 1607 1695
date
961 1172 1189
transactions
962 979 1247 1902
dinner
965
plate
965
immediate
966
food
966 1121 1646 1856
delivery
966 1067
arrangements
967
reformat
970 1120 1189 1338
week
972
deletion
973
strictly
974 1509 1697 1888
k-concatenation
977
critical
978 1176 1626
connections
978
monthly
979
multithreaded
980 1010
items
984 1402 1695 1863
respecting
984
dependencies
984
fit
985
skiplist
986
budget
988 1890
quality
991 1278 1632
percentage
991 1289 1798
chips
992
gold
994
queens
997
attack
997
king
997
roll
998 1829
dining
1000
philosophers
1000
airplane
1001
seat
1001 1091 1457 1609
assignment
1001
it
1002 1014
straight
1002
sub-folders
1003
filesystem
1003
job
1005 1046
solution
1006
fewest
1009
web
1010
crawler
1010 1261
nice
1012 1394 1431 1434 1893
up
1017 1143 1783
verbal
1020
decrypt
1021 1759
mapping
1021
watched
1023
videos
1023
your
1023 1379 1379
steps
1024 1052 1057 1108 1664 1725 1808 1892
decompress
1025
run-length
1025
encoded
1025 1628
block
1026
even-valued
1027
grandparent
1027
echo
1028
no-zero
1029
b
1030
c
1030
operations
1031 1136 1224 1251 1272 1282 1308 1353 1360 1399 1400 1404 1423 1429 1444 1447 1491 1548 1575 1588 1589 1606 1627 1668 1712 1713 1742 1756 1828 1928 1934 1943 1953
connected
1031 1393
type
1032 1530 1560
fingers
1032
restaurant
1033 1121
growth
1033
69
1034
vertically
1035
taps
1037
garden
1037 1544
ordered
1038 1306
period
1038 1266
diagonally
1040
filter
1044
restaurants
1044
vegan-friendly,
1044
neighbors
1045 1556 1610
threshold
1045 1053 1284 1841
difficulty
1046
weakest
1047
reduce
1048 1052 1108 1308
half
1048
splitted
1049
v
1050 1234
movie
1051 1512
rating
1051 1856
sub-arrays
1053 1166 1203
angle
1054
clock
1054 1923
its
1056 1927 1929
double
1056 1673
exist
1056
tweet
1058
counts
1058 1077 1080
per
1058 1310
taking
1059
negative
1060 1259 1927
events
1062 1384 1622 1931
attended
1062 1289 1384
multiple
1063 1071 1774 1903
apply
1065 1807 1943
discount
1065 1164 1693 1807
every
1065 1685
containing
1066 1077 1291 1711 1776
options
1067
dates
1068
divisors
1070 1095 1431 1542
how
1072
many
1072
are
1072 1133 1182 1307 1311 1346 1495 1610 1613 1633 1939
current
1072
teams
1073 1100 1968
votes
1073
decreasing
1076 1458
have
1080 1505 1534 1579 1931
prefix-aligned
1081
needed
1082 1637 1876
inform
1082
t
1083
seconds
1083
id
1084
identifier
1084
corresponding
1085
lucky
1086 1099
balance
1088 1217
performance
1089
cinema
1091
allocation
1091
pizza
1093 1139
3n
1093
there
1096 1789 1869
gain/loss
1098
underground
1101
overlapping
1105
reducing
1106
dishes
1106
non-increasing
1107
travellers
1111
html
1114
entity
1114
paint
1115 1163
ã—
1115
step
1116 1116
whose
1117 1146 1564 1922
display
1121
frogs
1122
croaking
1122
build
1123 1136 1516 1517 1886 1948
where
1123 1244 1348 1502 1558 1579
you
1123 1125 1129 1232 1296 1379 1422 1505 1530 1543 1558 1579 1636
exactly
1123 1892
comparisons
1123
splitting
1124 1461 1705
obtain
1125 1712 1844
constrained
1127
kids
1128
changing
1129
wear
1131
hats
1131
other
1131
destination
1132 1524 1562 1616
1's
1133 1179 1686
places
1133
away
1133
diff
1134
limit
1134 1392 1722 1950
triplets
1137 1211 1501 1719 1867 1955
form
1137 1143 1205 1293 1362 1395 1411 1501
collect
1138 1544 1885
apples
1138 1347 1544
cutting
1139
simplified
1141
fractions
1141
doing
1144
homework
1144
rearrange
1145 1257 1419 1475 1698 1806 1876
sentence
1145 1148 1433 1436 1448 1468 1613 1617 1967
favorite
1146 1379 1379
companies
1146
darts
1147
inside
1147 1445 1775
dartboard
1147
occurs
1148
any
1148 1247 1254 1382 1631
pseudo-palindromic
1150
dot
1151
reversing
1152
codes
1153
piece
1157
cake
1157
horizontal
1157
cuts
1157 1959
lead
1158
having
1159
balls
1159 1225 1300 1377 1392 1399
strongest
1161
browser
1162
history
1162
final
1164 1498 1589
prices
1164 1807
shop
1164 1961
subrectangle
1165
allocate
1167
mailboxes
1167
running
1168 1692
1d
1168 1597
removals
1169 1319 1833 1878
m
1170 1233 1235
bouquets
1170
sold
1172
names
1174 1315
avoid
1175 1243
pseudo-critical
1176
edges
1176 1246
spanning
1176
excluding
1177
parallel
1180 1620
courses
1180 1620
satisfy
1183 1373
condition
1183 1206
progression
1185
moment
1186
before
1186 1677 1902
ants
1186
fall
1186 1348
plank
1186
1s
1194
service
1196
centre
1196
e-mails
1197
bottles
1198
sub-tree
1199
label
1199
mysterious
1201
increments
1205 1762
patients
1206
arrange
1213
insertions
1217
awesome
1218
great
1219
stick
1222
odds
1223
magnetic
1225
force
1225
eat
1226 1342 1379
thousand
1227
separator
1227
vertices
1228
cycles
1230
visited
1231 1247
sector
1231
track
1231
latest
1233 1372 1494 1502 1839
disconnect
1237
?'s
1243
rope
1245
colorful
1245
fully
1246
traversable
1246
but
1247
did
1247
unhappy
1249
connect
1250 1260
transformable
1251
bank
1252 1354 1614 1658 1678
account
1252
obtained
1254 1490 1687
p
1255
spaces
1257 1666
non
1259
folder
1261
operating
1262
centennial
1262
wheel
1262
throne
1263
inheritance
1263
achievable
1264
transfer
1264
parking
1265
alert
1266
key-card
1266
hour
1266
servers
1268 1487
handled
1268
visible
1271 1475 1537
cities
1276 1969
mean
1277
removing
1277 1355 1386 1651 1714 1794 1884
some
1277
coordinate
1278 1374 1406
sets
1279
fancy
1280 1546
applying
1282
conflicts
1283
connectivity
1284
slowest
1285
effort
1287
contest
1289
widest
1291
differ
1292
formation
1294
furthest
1296 1641
instructions
1297 1301 1674
generated
1298
deletions
1299 1303 1749 1849 1918
frequencies
1299
diminishing-valued
1300
colored
1300 1610
defuse
1302
bomb
1302
jumps
1304 1442
home
1304
determine
1307 1346 1432 1490 1931
close
1307
happiness
1309
process
1310 1487 1640
machine
1310 1768
numeric
1312
initial
1314
energy
1314
finish
1314 1361 1571 1727
tasks
1314 1487 1571 1636 1771
fix
1315
front
1318
back
1318
richest
1320
wealth
1320
competitive
1321
complementary
1322
deviation
1323
goal
1324
interpretation
1324
k-sum
1325 1882
incompatibility
1327
tweets
1328
consistent
1329
vi
1331 1340
delivering
1332
storage
1332
ports
1332
matches
1333
tournament
1333
deci-binary
1334
vii
1335 1478
stacking
1336
cuboids
1336
leads
1337
partners
1337
erasure
1339
checking
1341
existence
1341
edge
1341 1872
limited
1341 1883
unable
1342
lunch
1342
waiting
1343
halves
1346
alike
1346
eaten
1347
will
1348 1496
ball
1348
units
1350 1823
truck
1350
meals
1351
calculate
1354 1480 1770 1818
money
1354 1902
leetcode
1354
xored
1358 1370
swapping
1359
jobs
1361
tuple
1363
submatrix
1364
rearrangements
1364
followers
1366
which
1367 1543
report
1367 1957
altitude
1368
teach
1369
replacing
1372
hidden
1372 1694
conditions
1373 1886
spent
1376 1899
box
1377 1399 1470
day?
1379
ends
1383
recyclable
1389
low
1389
fat
1389
changes
1390
homogenous
1391
trio
1393
concatenating
1395 1683
coprimes
1397
performing
1400 1589
rule
1402
dessert
1403
nearest
1406 1522
y
1406
powers
1407 1924
beauty
1408 1590 1763
segment
1410 1878
restricted
1412 1640
primary
1414
center
1416
star
1416 1972
pass
1417
ratio
1417
authentication
1421
manager
1421 1457 1564
ascending
1424 1613
backlog
1425
reinitialize
1429
bracket
1430
color
1432 1467 1610
similarity
1433
getting
1435
fresh
1435
donuts
1435
truncate
1436
finding
1437 1443 1474 1653
active
1437
minutes
1437
gcds
1439
sideway
1442
mk
1443
pangram
1448
ice
1449
cream
1449
bars
1449
single-threaded
1450
cpu
1450
reservation
1457
rearranging
1458
descending
1461
include
1463
population
1464
min-product
1466
directed
1467 1730
incremental
1469
memory
1469
leak
1469
rotating
1470 1514
floored
1471
totals
1472
certain
1474
sticks
1475 1475
longer
1476
speed
1477
arrive
1477 1488 1562
viii
1479
rhombus
1483
summation
1485
skips
1488
meeting
1488 1680 1894
eggs
1489
floors
1489 1795 1795
whether
1490 1633
reduction
1491
space
1493 1548
wasted
1493 1548
packaging
1493
login
1494
2020
1494
covered
1495 1792 1889
chalk
1496
redistribute
1499
removable
1500
earliest
1502 1688
rounds
1502 1505 1771
players
1502 1757 1900 1968
compete
1502
played
1505
sub
1506
categories
1508
rental
1512
cyclically
1514
wonderful
1515
ant
1516
colony
1516
eliminate
1518
monsters
1518
subpath
1520
exit
1522
entrance
1522
length-3
1526
painting
1527 1536
bsts
1528
confirmation
1529
rate
1529
rungs
1531
unoccupied
1535
chair
1535
describe
1536
mutating
1539
compatibility
1540
folders
1541
weeks
1543
enough
1544
legal
1547
resizing
1548
obstacle
1553 1809
appear
1555 1854
non-zero
1557
still
1558
cross
1558
exists
1559 1628 1927
typewriter
1560
separate
1563
company
1564 1821
chosen
1567
sessions
1571
farmland
1574
quadruplets
1577
weak
1578
been
1579
gcd
1580 1932
interchangeable
1582
earnings
1587
taxi
1587
variable
1589
placed
1595
crossword
1595
solving
1596 1691
math
1596
confusion
1599
observations
1602
ix
1603
k-length
1604
uni-value
1606
fluctuation
1607
everyone
1609
pieces
1610 1825 1844
both
1610
becomes
1611
idle
1611
simple
1614
bitwise-or
1615
numerically
1618
plates
1623
candles
1623
minimized
1631
distributed
1631
almost
1633
item
1635
slanted
1639
ciphertext
1639
houses
1641 1831
watering
1642 1663
plants
1642 1663
k-mirror
1644
buckets
1646
feed
1646
hamsters
1646
homecoming
1647
fertile
1648
pyramids
1648
indices
1649 1708 1736 1909
radius
1650
secret
1652 1836
3-digit
1653
step-by-step
1655
directions
1655
rob
1658
detonate
1659
bombs
1659
sequentially
1660
ordinal
1660
tracker
1660
rings
1661
rods
1661
fruits
1664
harvested
1664
smooth
1667
descent
1667
periods
1667
k-increasing
1668
found
1669 1701
recipes
1670
supplies
1670
abbreviating
1672
reversal
1673
execution
1674
staying
1674
identical
1675
a's
1677
appears
1677
b's
1677
laser
1678
beams
1678
destroying
1679
asteroids
1679
invited
1680
capitalize
1681
twin
1682
together
1686 1899
bloom
1688 1777
questions
1691
brainpower
1691
computers
1692
buying
1693
ranked
1695
corridor
1696
lonely
1699
statements
1700
multiplying
1701
divisions
1702
hash
1703
according
1706
removal
1707 1809 1942
independently
1708
rearranged
1709
bitset
1710
cars
1711
illegal
1711
goods
1711
beans
1714
repeat
1722
following
1728
jumbled
1729
ancestors
1730
acyclic
1730
append
1733 1964
minimal
1733
descriptions
1734
non-coprime
1735
k-distant
1736
artifacts
1737
extracted
1737
topmost
1738
weighted
1739
subgraph
1739
required
1739 1902
halve
1742
white
1743 1792
tiles
1743 1792
carpets
1743
hills
1744
valleys
1744
collisions
1745
road
1745
archery
1746
competition
1746 1860 1879
fixed
1750 1930
piles
1751
triangular
1753
select
1754
buildings
1754
built
1755
losses
1757
allocated
1758
children
1758 1765
encrypt
1759
result
1761 1782
gardens
1763
pens
1767
pencils
1767
atm
1768
cornered
1772
lattice
1775
prefixes
1778
unguarded
1780
spreading
1781
fire
1781
appeal
1785
3-same-digit
1786
texts
1788
k-beauty
1790
carpet
1792
variance
1793
resultant
1794
bags
1799
rocks
1799
represent
1800
chart
1800
strength
1801
wizards
1801
sender
1803
roads
1804
booking
1805
concert
1805
corner
1809
such
1811
editor
1813
successful
1815
spells
1815
potions
1815
amount
1818 1842 1881 1885
paid
1818
taxes
1818
distribution
1820
naming
1821
upper
1822
selling
1825
wood
1825
asterisks
1826
unreachable
1827
undirected
1827
x-matrix
1830
spliced
1832
message
1834 1950
aware
1836
catch
1839
squared
1840
varying
1841
cups
1842
infinite
1843
ideal
1845 1870
trimmed
1848
poker
1850
zero-filled
1851
impossible
1853
excellent
1857
subjects
1858
taught
1858
teacher
1858
subtracting
1859
amounts
1859
entering
1860
replacements
1866
restrictions
1868
recolors
1875
black
1875
blocks
1875
hours
1879
training
1879
infected
1881
stars
1884
garbage
1885
robots
1890
trainers
1900
alphabetical
1904
equalize
1911
uploaded
1912
pairings
1913
satisfying
1914
inequality
1914
hourglass
1916
worked
1919
bounds
1930
conflict
1931
edits
1936
destroy
1937
sequential
1937
targets
1937
popular
1940
creator
1940
traveled
1946
lcm
1952
unequal
1955 1974
fuel
1957
partitions
1958
penalty
1961
skill
1968
